-697.964538262143
-679.7005288627975
-660.6862370089056
-640.9347294533899
-620.449866226895
-599.2306411743971
-577.2721196647158
-554.5657610120829
-531.1017628117199
-506.87304550074657
-481.87863790166887
-456.1252077417053
-429.6273058731791
-379.67227248107963
-327.54192582776517
-273.29863401757217
-217.0246739770102
-158.82886912165284
-98.850647316068
-37.26401864647171
25.71783250282874
89.83963745027893
154.80511790676272
220.2811297877579
285.9023344484522
351.27554201961124
415.9843414188417
479.59443235833965
541.6596398060324
601.72845844495
659.3509122230522
714.0854195328117
765.5054093942023
813.2057277827093
856.8089454513542
895.9714915250555
930.3894481836478
959.8034621206776
984.0021118535512
1002.8241032541702
1016.160251414022
1023.9553205267811
1026.2089011795285
1022.9746076905618
1014.3578412498827
1000.5134172915908
981.6440058579616
957.9982592690702
929.8662960528777
897.5722986393391
861.4671064975736
821.9234334368251
779.3329556483648
734.1026135638252
686.6490968021201
637.3929276606086
586.7539582038377
535.148697869214
482.98850499730094
430.6774407485458
378.60965108126237
327.16746840197885
276.72094017093934
227.62704791871573
180.22601916476225
134.83515421928666
91.74375859237765
51.21145139019781
13.468122067770942
-21.287541195953366
-52.89167336474524
-81.21923606945754
-106.18657045659823
-127.75221718594635
-145.91699133236156
-160.72421478963642
-172.2596172454659
-180.64935970683686
-186.0558542923256
-188.67350534899606
-188.72663438280193
-186.4688186436549
-182.18050195165208
-176.16334093805838
-168.73319919943353
-160.21452269044084
-150.93650982342655
-141.22944961694316
-131.4199651937171
-121.82544331083213
-112.74878861296848
-104.4742921106592
-97.26420877860113
-91.35477548904602
-86.95140890009515
-84.22504861749783
-83.31181031225674
-84.31514091598608
-87.30727091814926
-92.32839184993239
-99.38534785830772
-108.45221972816873
-119.4728640838462
-132.36369471779975
-147.01548597707696
-163.29444803655818
-181.04359933267946
-200.0850376345714
-220.22247733975567
-241.24268971766327
-262.91570499910665
-284.995873380802
-307.22591785730845
-329.34310744412534
-351.08440443840755
-372.1891081423954
-392.4008101831485
-411.47103504303544
-429.1646503270974
-445.2653845480915
-459.5802214979076
-471.9427170134742
-482.2159339408518
-490.29547954114463
-496.11229444079356
-499.6340770253147
-500.8647476011429
-499.84297095249474
-496.64110773540864
-491.36400371472763
-484.14544900096087
-475.141531990635
-464.52272781603796
-452.4670891697552
-439.15529984927304
-424.7669521515784
-409.47720355838237
-393.4533209401908
-376.851214085914
-359.8126793727
-342.46383967161125
-324.9143326537733
-307.2570113688106
-289.5694261976588
-271.9182947610716
-254.36553112109328
-236.97267090114013
-219.80230705729628
-202.91798480545705
-186.3844363923447
-170.26844277334163
-154.6394418755029
-139.56914855799755
-125.13027031891839
-111.39511795365529
-98.43475144731039
-86.31811328188314
-75.10995986172749
-64.86789852167999
-55.6407760115794
-47.46969051872068
-40.38972667308913
-34.42970490192819
-29.609960968417735
-25.940417266389865
-23.420379040607223
-22.039448853628567
-21.77814982784354
-22.607536280424895
-24.48825230299014
-27.37009496997376
-31.192413290446677
-35.88433598765026
-41.36411094766195
-47.53899361905115
-54.30759384242795
-61.56377737918297
-69.19918020972582
-77.10332078757918
-85.16329082397633
-93.26506527018252
-101.29618107415938
-109.14809423283481
-116.71712503460762
-123.90423919197114
-130.61451246769852
-136.75651792917213
-142.24089390234798
-146.9778118964204
-150.87501553725232
-153.83847911995605
-155.7750639120413
-156.59436974579526
-156.208541239521
-154.5317430071469
-151.48135769067906
-146.98093143950615
-140.96352867530112
-133.37463215521066
-124.17481422875173
-113.34278473898084
-100.87871456405874
-86.80662677678608
-71.1748104866478
-54.05521212127349
-35.54401478281074
-15.763644706019061
5.136432793730566
26.982279027171728
49.5802506351755
72.72119600876479
96.18305794006685
119.7331511952281
143.1315984572107
166.13604853890527
188.50660389544055
210.00983978140343
230.42199261302778
249.53262235535297
267.1493594593065
283.1020243096796
297.2437762907896
309.4496694024519
319.6157015661803
327.66031527386906
333.52691085994377
337.18479659666076
338.62801829351355
337.8735736780394
334.9604102866265
329.94915940547963
322.9215570870074
313.97877451376485
303.23918157748653
290.83706863126577
276.9228287970788
261.662651944777
245.2353984124857
227.82737747565838
209.62830366585288
190.83010852521107
171.62692948368118
152.2139910962241
132.7853278513245
113.5319661404211
94.64159039046166
76.29915039668514
58.686995175650765
41.98356449577004
26.361202668160175
11.98477620788946
-0.9883889749872192
-12.409209435717651
-22.14030490152453
-30.061299969115545
-36.07285373968676
-40.09813065917944
-42.083668699644484
-42.00190489460792
-39.85507669213465
-35.67836699671261
-29.540783949173527
-21.544004483395526
-11.820451434775725
-0.5315646969821874
12.134164249288824
25.964793246839616
40.73038198762211
56.18823281950199
72.08583389370673
88.1623398728206
104.15154230007481
119.787603619009
134.81163293406922
148.97662933226334
162.05052919195373
173.81880419838316
184.08765154914528
192.6875145524061
199.47594130808244
204.33909596074133
207.19237212403928
207.9814131213611
206.6839437279389
203.31070438063935
197.90336528480543
190.52988301983433
181.28025299214173
170.26455654572553
157.61208472843327
143.46928667284627
127.99612449054537
111.36225747232697
93.7443668892429
75.32467471765996
56.28977720931469
36.828939300304
17.13205043566617
-2.6113813019494327
-22.21142679451096
-41.476728496640845
-60.21573107772727
-78.23998986485431
-95.3666487056106
-111.41827966684764
-126.22173880240751
-139.60886767002887
-151.41968263259895
-161.50629556308107
-169.7357520146429
-175.99165507179345
-180.1757991922647
-182.21078973008113
-182.04307219399763
-179.64470622924662
-175.0133784067973
-168.17260135359916
-159.17421730667982
-148.10213558176554
-135.07379079778872
-120.23775077006546
-103.76968575944868
-85.86954702517573
-66.76007823452805
-46.68474876588116
-25.90394948057515
-4.690062050782518
16.67729319723129
37.91517361960407
58.741003241347734
78.87727885842729
98.05738511903402
116.03062901125273
132.5645987046173
147.44560167791414
160.47997851627073
171.49759403823543
180.35576411542877
186.94134963804697
191.17089010562776
192.99029501824788
192.37519824912292
189.33176016757034
183.8969374796456
176.13750247744204
166.1481890178606
154.05026881515664
139.99104058706976
124.14253339776208
106.69742592523953
87.86304020011018
67.85636819809292
46.901390818664446
25.227545301031878
3.0682934452499353
-19.340255019442317
-41.76055717808725
-63.95475834806037
-85.68577190797136
-106.71835652987801
-126.8204977705114
-145.76553435557656
-163.33485991389313
-179.32037283256278
-193.5261697171767
-205.76992738336997
-215.88516049040737
-223.72523267893624
-229.16842186319542
-232.12229802362398
-232.52647059765985
-230.35419659571895
-225.6138542263248
-218.3504278894117
-208.64577364088217
-196.61647998071106
-182.41029166170284
-166.20372649757505
-148.20181859664282
-128.63761392778778
-107.76867891093823
-85.8710295029865
-63.233250583969244
-40.15238949012984
-16.930681575879
6.128506937297774
28.725898531706328
50.57179640390831
71.39076106976198
90.92528569591343
108.939494582043
125.22377843264572
139.59931243166514
151.92003471254307
162.07145695706998
169.96878599968863
175.5569792634733
178.81229995300555
179.7428708806029
178.3869833600445
174.81023024828488
169.10304757937706
161.3790641676169
151.77352499374092
140.44097332744383
127.55232594200682
113.29257103059678
97.85987378639796
81.46466036063585
64.32624873541882
46.66710605104344
28.70791139566184
10.665854713144387
-7.244996936119116
-24.814046713455767
-41.83617720426389
-58.11414037509053
-73.45995776619667
-87.69540233747156
-100.65271296360083
-112.17635211849455
-122.12516818442873
-130.37339649050887
-136.81013967017373
-141.33936014403366
-143.88272027285205
-144.3846857105211
-142.8166577277782
-139.17810060970916
-133.4960211561152
-125.82526173851271
-116.24996476373096
-104.8844875879361
-91.87235509254425
-77.38349056211003
-61.61095178322326
-44.76805880843127
-27.085572228357783
-8.807645435289519
9.81392388029208
28.525493136516463
47.075136654981954
65.21400213317487
82.69806180713726
99.29219616284071
114.77554289346295
128.94565505013722
141.62057608708426
152.63996449684944
161.86663038445434
169.18867486974403
174.5213774213392
177.80791927710516
179.0190200704167
178.15273040264444
175.23529526672687
170.32192838645207
163.4951241206981
154.86006076421305
144.53968468886046
132.6721313904531
119.41013756709897
104.92004143312441
89.37909064316575
72.97205013583685
55.88880880612885
38.323604406691025
20.47508101359514
2.5458983461024367
-15.258547846162351
-32.73132161554842
-49.66402521286038
-65.84670663735865
-81.0700041622743
-95.13021523430275
-107.83484894191248
-119.0059420517711
-128.4814469706216
-136.11728350317006
-141.79155277164395
-145.40984625617392
-146.9095643303726
-146.26219733326084
-143.4740971771621
-138.58688412034073
-131.67776667983426
-122.85861536824324
-112.27270325999609
-100.09022246274449
-86.50522321005471
-71.73475173546993
-56.01767662833729
-39.61047899023366
-22.780520730684266
-5.799688291125502
11.05990417425299
27.529102533348716
43.34553040934047
58.25848112553265
72.03386836082505
84.45802717683159
95.3403067475425
104.51572228628316
111.84867183910151
117.23659394136627
120.61100807941187
121.93521387860068
121.20118975919189
118.4284486493466
113.66448337016317
106.98433650938485
98.48809052091971
88.29735909904984
76.55240277817924
63.41040983621956
49.044346663563445
33.641439945730504
17.401027594647793
0.5327628751404598
-16.743842387428355
-34.19964475709114
-51.59834431305629
-68.70160564826332
-85.27417278445492
-101.08666541895235
-115.91689559967958
-129.55212797714645
-141.79318371050047
-152.45923372728637
-161.3918002320391
-168.45753536842048
-173.5504137581558
-176.59412039317476
-177.54435796730215
-176.38965734236896
-173.15005454942002
-167.87532888459066
-160.64495495288847
-151.56917389097418
-140.78832779451824
-128.46914134188347
-114.79974033401868
-99.9857305001967
-84.24755178537573
-67.81767926953206
-50.9366259760263
-33.848062354005165
-16.794207384969237
-0.01223621695508388
16.268918354239336
31.83268566292101
46.47978584036677
60.03177724763573
72.33155244487796
83.24221441296216
92.64730171999324
100.45306398528113
106.59063037751562
111.01616632115294
113.70948239098094
114.67277305074457
113.9303456363786
111.52882710503594
107.53673091415395
102.04288002270874
95.15460447798742
86.99709116391496
77.71342618936829
67.46298922598504
56.41735641607182
44.756177579117825
32.66563447020488
20.338721974936497
7.974495481825181
-4.225053565909579
-16.05932524144567
-27.332852471751828
-37.85784794018918
-47.456307979174554
-55.962712725560216
-63.22726395400879
-69.11833735809354
-73.5235143993088
-76.35088585377146
-77.53270705331126
-77.03047319010788
-74.83802793577807
-70.98106314643863
-65.51488277912858
-58.52299126376468
-50.116778652253664
-40.4347143214903
-29.639817109756116
-17.915648235997317
-5.462040656113178
7.508559620560993
20.77464099318376
34.110330672924604
47.29115443728088
60.09868793676533
72.3224626867918
83.76054704153297
94.22168539252027
103.52963234733619
111.52748096483523
118.07993202706523
123.07378553427101
126.41828416923171
128.04623143757271
127.91542794433325
126.00931987899348
122.33635834721196
116.92899476800258
109.84366345491554
101.16124441415948
90.98562111640027
79.43939857848035
66.65917937258439
52.79316582448568
38.00069360227829
22.451153366501764
6.321107219856122
-10.209211375664706
-26.958267705594963
-43.74395091392375
-60.38357935727943
-76.69445172745087
-92.49508117026646
-107.60589280157726
-121.84872249304834
-135.0467881565872
-147.02749313670375
-157.62761673789166
-166.69764850356466
-174.10327003302953
-179.72557559878982
-183.46280362999292
-185.23418356586626
-184.98418189560775
-182.68536096355197
-178.3395857275412
-171.97856143980744
-163.6645519162905
-153.49077798129238
-141.58001940556127
-128.08109308378732
-113.1652046213259
-97.02433283929635
-79.87094612880857
-61.936114970581365
-43.46460505015711
-24.708741773119108
-5.923560513083309
12.636388441398875
30.720067650422873
48.08397158346989
64.49686730092493
79.74414157871159
93.63095374013415
105.98458947839256
116.65729832427824
125.52997645439164
132.51493751802823
137.55567298446763
140.62412306980363
141.71834420307243
140.86225288284294
138.10605752653643
133.52517835322232
127.2173708472461
119.2994553845943
109.90482622037291
99.18166444436653
87.2909180530997
74.40332293461293
60.69594626659326
46.34975664379942
31.548928984449887
16.480659091943938
1.3341461542505864
-13.700847377050234
-28.43508064138435
-42.68103268808547
-56.25489527372304
-68.97907576486809
-80.68451047559813
-91.21250972458962
-100.41629532052475
-108.16250595739234
-114.33292194419847
-118.82649120262965
-121.56151613692089
-122.4782395866535
-121.54244484140837
-118.74940145394027
-114.12591651062696
-107.72937163410354
-99.64531802079883
-89.98578050138084
-78.88847074992263
-66.51550161629434
-53.05060456935667
-38.69517326478164
-23.66411590026935
-8.182164886337855
7.51963512833326
23.20826103580658
38.65427695769225
53.637342352649746
67.94968544934666
81.3971953660121
93.80000032441474
104.99448741562291
114.83661560507964
123.20472978810021
130.00070981212758
135.14997873775712
138.60150966395963
140.32823759692815
140.32738671925068
138.61996866512558
135.24923980782364
130.27893542816366
123.79246257759142
115.89289442128295
106.70183828540854
96.35573424023792
85.0009230446931
72.79036636934005
59.88301589426505
46.44406348797399
32.64406563171916
18.65684621680419
4.657462314642333
-9.178838423489097
-22.676966011771633
-35.662743210882766
-47.96480545631958
-59.41702598779945
-69.86002164364618
-79.14155145297461
-87.11778834923999
-93.65740947246259
-98.64765625752963
-101.99932856856397
-103.64894382246469
-103.55932442317581
-101.72083583206005
-98.15364451392215
-92.90945194821816
-86.07128653964318
-77.75143512760754
-68.08869721996861
-57.24591229039169
-45.40744527642417
-32.775344064344175
-19.563685409925657
-5.992737149110015
7.7147738662552685
21.335211723226102
34.64584884243363
47.42893674562471
59.4772111779795
70.59847331759286
80.6181888287048
89.38107216768331
96.75297615736837
102.62327220112007
106.90687906052109
109.54509306417701
110.50533079377365
109.78092652650628
107.39185722888168
103.38553429063742
97.8356062910111
90.83800720345846
82.50612957709595
72.96762119958939
62.36294732701666
50.84370525852658
38.5693680653615
25.703222219203784
12.409020278958963
-1.1510403563113285
-14.817504321088082
-28.434831895290106
-41.85286572538733
-54.92788201122256
-67.52217943114194
-79.50261493841019
-90.74027716133564
-101.11268639636938
-110.50697636946143
-118.8213549271789
-125.96434341213616
-131.85380685237067
-136.41757651155493
-139.5954233503881
-141.340957626873
-141.62257592750635
-140.42374834304232
-137.74349201764173
-133.59736701011965
-128.01824058841197
-121.05566494903732
-112.77390619599828
-103.25041556193115
-92.57642483641128
-80.858853167223
-68.22080708638589
-54.79931964173924
-40.741882204558955
-26.204032009311042
-11.348307270603181
3.6568426763498136
18.63930275586938
33.42650318052506
47.84860213819739
61.740825110904936
74.94526591090336
87.31347894304221
98.71039474286304
109.01789385073437
118.13575873484817
125.98004801318585
132.48148278421277
137.58591137771592
141.25604496100513
143.47219099382843
144.23119501883016
143.54482080887834
141.43895908715936
137.95378156308726
133.1439024485757
127.07765490543649
119.83565739613502
111.50996646313324
102.20467834568466
92.03666826274866
81.13401176036902
69.63184411617266
57.66840118804311
45.383490505220564
32.918481675963996
20.41549937836889
8.015194779644343
-4.145501436714016
-15.93424701696093
-27.222822223060135
-37.88648668548462
-47.80423143538555
-56.85982169870361
-64.94236188028495
-71.9457373020912
-77.76846543836574
-82.3160060253737
-85.50493255452487
-87.26607756292252
-87.54528216594788
-86.30353140342791
-83.51875354381355
-79.18929901684429
-73.33729320563599
-66.01033380954381
-57.281423450286745
-47.248119625232846
-36.031786778857956
-23.77660296914707
-10.647089350219296
3.175970111615118
17.4993074712851
32.118848274223105
46.82022904969836
61.380897950920975
75.57481694953067
89.1778563047248
101.97166970957306
113.74605281488587
124.3013368732048
133.4518206838777
141.0298471464608
146.88935188692366
150.9081090050022
152.98919453638578
153.062996075265
151.08993236039538
147.06194270962192
141.00097148924178
132.95560697868402
122.99877457283499
111.2274055594208
97.76220862897837
82.74566232589541
66.33848955421225
48.716221965616484
30.066872170546706
10.58936719543312
-9.508354207761162
-30.0121788041977
-50.70475156229028
-71.36701619107251
-91.7785406260499
-111.71901232277025
-130.97246688534443
-149.3323905677279
-166.60453743907445
-182.60700001152094
-197.16992925155773
-210.13682723361197
-221.36690489896057
-230.73680739138626
-238.14092771809902
-243.49107379244535
-246.7167650799996
-247.76639631347794
-246.60795875300923
-243.22809261289888
-237.63054952490728
-229.83675969246826
-219.8892536512613
-207.8552814023315
-193.82775652397325
-177.9238993764597
-160.28417649375925
-141.07276046477367
-120.47821893797115
-98.71267446098115
-76.00912979180197
-52.61797940549813
-28.80377792333949
-4.842207601373284
18.984029833118043
42.391195246775816
65.10089486452749
86.84429902370779
107.36389341308359
126.41539944980211
143.7720143257894
159.2299140754132
172.61242128750993
183.77190873886724
192.59064785094958
198.98201250411796
202.89218798188284
204.30138394669243
203.22354509619913
199.70481910364052
193.82225849059677
185.6834605399481
175.4255140118908
163.21114616255653
149.222846109745
133.65811646181956
116.72726302936023
98.65189544815848
79.66198377523834
59.9915731971749
39.87484522099747
19.543715206751727
-0.7733635110749038
-20.852655903380853
-40.4771828753181
-59.43864200809799
-77.53766300544757
-94.58274684079048
-110.39045083888556
-124.78820337988896
-137.61771565689864
-148.7362038708737
-158.01554196183054
-165.34185463465766
-170.61711257047136
-173.76188280275434
-174.7174696208532
-173.4467153819628
-169.9342602957046
-164.18757301402817
-156.23896573068944
-146.14716384035953
-133.99709070505313
-119.89881127909774
-103.9879594899726
-86.42790251233342
-67.41090961718574
-47.15599879743724
-25.904399433856764
-3.915267963033075
18.537294896971233
41.1671008510622
63.68006313341273
85.77984445247648
107.17381881950342
127.57812828596613
146.72189769650012
164.3519747360427
180.2388036893866
194.18159702253473
206.01036306917467
215.58519232568494
222.79586069626032
227.563497786204
229.84278223724579
229.62234154983668
226.92308152870194
221.79592036452124
214.32016582482086
204.60243711173857
192.77509649576191
178.99351592817945
163.4329527099947
146.28656065095083
127.76443194753394
108.09132388847667
87.5016199120218
66.23348346256948
44.52517438266733
22.613743205538782
0.734056324101181
-20.882896541637443
-42.01169668174289
-62.433526779918296
-81.93683191992554
-100.3183169902132
-117.38459351126033
-132.95397576454334
-146.85774812857287
-158.9411457743187
-169.06493927955262
-177.1077332925807
-182.96811272027227
-186.566310068256
-187.84629156980205
-186.77886047724007
-183.3648328650692
-177.6368775432805
-169.6597146118588
-159.529554426945
-147.3736463255928
-133.34950196554848
-117.64246264326835
-100.46160750454662
-82.03611020254182
-62.613579257284925
-42.45884512550381
-21.850437978891318
-1.074484244320434
19.581568435732784
39.83347204360684
59.4034204239414
78.02364448427865
95.44108371427964
111.42236162376419
125.75773451390319
138.26364681739958
148.78508297742948
157.1987852312812
163.41610639645964
167.38306729210956
169.07757783992648
168.50669437669157
165.7059485944625
160.7395263177774
153.69897553149372
144.70005248001502
133.87922902911626
121.39125587598613
107.40770556050968
92.11526308349089
75.71289116290369
58.408666639949075
40.417925572867645
21.962604589640105
3.269424448158312
-15.434369269879184
-33.925551728171115
-51.98686959008877
-69.40671122762822
-85.97932714049436
-101.50719427778192
-115.80448018416611
-128.69975835615293
-140.0373225522695
-149.67796269143477
-157.5004415376707
-163.40370182229162
-167.3083455379749
-169.15654449382245
-168.91209992204884
-166.56301710030536
-162.12584817799407
-155.64832449944632
-147.20850963119778
-136.91232935895604
-124.8920687881143
-111.30612938849563
-96.33835097846584
-80.19542791478571
-63.10262895123166
-45.29936208076238
-27.03567705544359
-8.568878323686151
9.841474759041404
27.93995725659128
45.4803610311081
62.22771194368413
77.95904098443204
92.46597861147447
105.55949986134583
117.0743221422474
126.87097008831664
134.83606817220942
140.88273742727463
144.95196507193253
147.01401320072935
147.06837155457887
145.14209849691332
141.28816997681992
135.58517731966316
128.13717124379838
119.07111260472887
108.53176309022967
96.67689241872822
83.67496536881252
69.70414322988054
54.950215843927516
39.60304899475185
23.853140732352024
7.889750618886179
-8.099449302624627
-23.92846154168257
-39.4138657237603
-54.37615154648658
-68.64007678076983
-82.03391336870592
-94.38974478461945
-105.54662415210862
-115.35511489379306
-123.68009756188694
-130.4011995049488
-135.413216453287
-138.62858208353424
-139.98136948923656
-139.4308574868503
-136.96347594118555
-132.59351088667384
-126.36368165944035
-118.34600282933143
-108.64187532761046
-97.3800683786063
-84.71320599482979
-70.8151897855987
-55.88062420606546
-40.124145277271126
-23.777001120299772
-7.08111582160151
9.716785023930473
26.369335948258843
42.63164887674094
58.264863058964
73.04064131686611
86.74586517531601
99.18639156832207
110.18956344922148
119.60645741603098
127.31491645457514
133.22266460113767
137.26833328585886
139.41947130586257
139.6694252854562
138.03568596736375
134.55995645861617
129.30798308627686
122.36769934234175
113.84624009487804
103.86728571741554
92.56941931498847
80.10495747301403
66.63821165763956
52.342823049536975
37.39918718270701
21.993317530940043
6.316722808971499
-9.435008594548547
-25.06619068935371
-40.38571592846989
-55.20952270499094
-69.36052341599012
-82.66835263592314
-94.97089543820947
-106.11718056688956
-115.96988521698343
-124.40646797433615
-131.31952836404525
-136.61764666486405
-140.22707964162893
-142.09322565100211
-142.18061931493966
-140.47211438093925
-136.96960850614477
-131.6973043935619
-124.70529566698849
-116.07052181037591
-105.89494847949541
-94.30337549201607
-81.44252343656217
-67.48065823302221
-52.60612134442343
-37.02419011242748
-20.95302130458073
-4.6197950082827
11.742600524494614
27.899230112103062
43.61813306961587
58.67600565360481
72.86229098294326
85.98062464745037
97.84944676664588
108.30425494276145
117.201508375456
124.42197516401545
129.872006085887
133.4834091894432
135.21344864297828
135.04548316410535
132.98948072184285
129.0813945139586
123.38134875659799
115.97192129339858
106.9577305020798
96.46539156165372
84.64136220828514
71.64706113855081
57.653831295296044
42.84028063750701
27.39136181347591
11.49678145115199
-4.652120067047657
-20.865712662059103
-36.9581392184163
-52.74795801650039
-68.05844786699824
-82.71862322628826
-96.56469650297913
-109.44056704023777
-121.1968539699184
-131.69040817367505
-140.78657630310403
-148.36346318745532
-154.31500644255087
-158.5513457249375
-160.99832112265474
-161.5985719182087
-160.31446982783817
-157.13119019758926
-152.05844116805324
-145.1308601463864
-136.40814946899437
-125.97566112337402
-113.94464548606138
-100.45062206673474
-85.6499535992821
-69.71698929368304
-52.84349796612773
-35.23880754144514
-17.127625131802763
1.2550101335963253
19.669279419134
37.87455480046851
55.63207320417177
72.7078780661176
88.87685207984815
103.92721818898869
117.66421600809178
129.91246940594934
140.51813951802117
149.35215345245615
156.3136592193237
161.33113534370025
164.36038636822673
165.38196481383937
164.40065222487746
161.44646081480911
156.57468411558068
149.8639343609044
141.41335749340146
131.34060809441306
119.78086086833315
106.885853317833
92.8219680552474
77.76773579628343
61.912306386886755
45.45536276615918
28.606489093502166
11.581918947588488
-5.400220738568507
-22.123054838229358
-38.37171277802873
-53.9341045546395
-68.60375204688236
-82.1839944535488
-94.49166227575277
-105.35940185484986
-114.63739096255227
-122.19560576685804
-127.926803741546
-131.74895930284833
-133.60593103251318
-133.46731131195915
-131.3299025422882
-127.22112176037733
-121.20137374595883
-113.36297162419613
-103.82681350290937
-92.7396526220537
-80.27280652654143
-66.62077858494007
-51.99824138035519
-36.635416494717894
-20.77308766906409
-4.658339769524039
11.459213885046717
27.33207321863383
42.72076814710201
57.399106923605764
71.15657292369264
83.79866236794562
95.14819932369686
105.04891420581485
113.36936300094723
120.00484678011854
124.87723813626354
127.93429092949197
129.1495909654167
128.5229244603496
126.08005561024846
121.87141886981742
115.97058827899437
108.47384223843122
99.5004145456334
89.19103228788865
77.70345192705273
65.20709150993859
51.87980007283263
37.906964668634444
23.480596075457356
8.796807983862985
-5.947542329882248
-20.55739984686039
-34.84066229274193
-48.608810775403185
-61.67831263357759
-73.87301775554386
-85.02619584566209
-94.98113477653057
-103.59145041221541
-110.72281568130173
-116.25592721511298
-120.08959942993175
-122.14355168804259
-122.36096649912226
-120.71091379842672
-117.1905470093825
-111.82678037944837
-104.67717593525872
-95.82999077343322
-85.40353553823701
-73.54477291148847
-60.426973311857196
-46.247201326615865
-31.224454959649847
-15.597077025676118
0.3825192770652788
16.45504076212357
32.36080359399226
47.844289680473736
62.6577606224588
76.56538777117099
89.34818942707449
100.80881379266157
110.7749859920797
119.10154167530035
125.6723657429634
130.40308484604518
133.24300456976104
134.1740183451849
133.20686563617872
130.37771894983644
125.74692138199815
119.39854026509686
111.43853658612329
101.99129324875818
91.19601412182085
79.20429177743024
66.17876089610928
52.29179234133366
37.72354344519206
22.660036673493444
7.292581117177643
-8.181684537886932
-23.560421053123086
-38.63939671115543
-53.21683821358475
-67.0961685057423
-80.08698238574473
-92.00636854249734
-102.68190028340017
-111.95553890274493
-119.68704338443976
-125.75638747036929
-130.06568271739977
-132.54130031441042
-133.13621462880926
-131.8316215153335
-128.63696881303403
-123.58917727559985
-116.75283602453977
-108.22146395201119
-98.11762941063257
-86.59035038149118
-73.81091973208497
-59.96925196816986
-45.27124016137981
-29.936087709726188
-14.192685522665828
1.7249839503717608
17.58271114187225
33.1503582343462
48.20555933201076
62.5378074254398
75.95331938518821
88.27903279341204
99.36377679543881
109.07734886552456
117.31032170551885
123.97580700728604
129.0114695846835
132.37973582547693
134.06625710573124
134.07824905944716
132.44383233393114
129.2120127477893
124.45207534620792
118.25176239496093
110.71522284682929
101.96229034351617
92.12868196715141
81.36463460412432
69.8309432832958
57.69480038369098
45.12817566584427
32.30820174986582
19.416812621984132
6.638224250358394
-5.844686054060687
-17.853370472717785
-29.21545147048253
-39.76632731715358
-49.35163227081055
-57.830289442410745
-65.07660470336745
-70.98077596959159
-75.44967400228455
-78.41013464149518
-79.81398687470505
-79.64151189272984
-77.90155681734365
-74.62994283662368
-69.88862534049973
-63.76587265680552
-56.375867659309996
-47.85655496344415
-38.36608669685541
-28.07909917087774
-17.183593593517486
-5.877788694391928
5.634395763162159
17.149071770218217
28.46701992497636
39.39553505980113
49.74900402950028
59.351104547066406
68.03902735339076
75.66740784714474
82.1101838680245
87.26095213189055
91.03340925061578
93.3625346168796
94.2058309294954
93.54356905157607
91.37791515371937
87.73211506882257
82.65072040997491
76.19974258696648
68.46447429472155
59.54492877968029
49.55168100523799
38.60418463785234
26.830506308845592
14.36627541716563
1.3524027724346437
-12.067136141593062
-25.746321001728
-39.53704246031601
-53.28903535683621
-66.8506126176138
-80.06975765170213
-92.79431871248268
-104.87139352695117
-116.14807461330795
-126.47502664837859
-135.71119526441402
-143.72684269278773
-150.40466456737067
-155.64115059600553
-159.3496188323602
-161.46411588508997
-161.94245229591505
-160.76750933673776
-157.9473243530701
-153.51502710571592
-147.52886623110226
-140.07117335896538
-131.24528437532854
-121.17164811666548
-109.98558601372486
-97.83702639823376
-84.88967395429981
-71.31759350376144
-57.30029565497981
-43.01882381260398
-28.6536882017019
-14.383434330157378
-0.38244314728507006
13.182176838404342
26.153570390277174
38.38698551574977
49.75081580633376
60.128299937881295
69.42041510576585
77.54820131136444
84.45240823022107
90.09108754392187
94.43793201781001
97.48265524115288
99.2318300301358
99.70825598972571
98.94889597293127
97.0028085656358
93.93004284881842
89.80114791269409
84.69621070916651
78.70289221852259
71.91436554526877
64.42862850042869
56.348971480065636
47.78330451833538
38.8410602930475
29.629655952269978
20.25332011567571
10.814345668490205
1.4144915655171837
-7.844982201489653
-16.864023480571525
-25.54380204790133
-33.78557832561541
-41.48945543214572
-48.5544746061554
-54.88016762522002
-60.367863356508344
-64.9205108427833
-68.4425759512029
-70.84264815761408
-72.03857320119857
-71.96204188962487
-70.56072979101857
-67.7993509573542
-63.661868260199356
-58.15508032138999
-51.31183065462232
-43.192128104742096
-33.8820950556554
-23.492165839216522
-12.155725337628553
-0.027570890129724673
12.719399056694884
25.899221925070922
39.31729495897034
52.77247391113402
66.05826579894844
78.9658638289456
91.2894531306877
102.83154428658902
113.4064539968395
122.84233107789869
130.98322951645383
137.69194827136587
142.85305896020995
146.37497514671992
148.19062736318284
148.25774956629297
146.56005741076262
143.1086960104282
137.9416469426934
131.12032215704335
122.72566687668622
112.85622860792371
101.62769719234865
89.17170085877514
75.6329825670047
61.166032464621125
45.93254370937772
30.099960912121404
13.840252127496663
-2.672087830199739
-19.262576817023945
-35.75829490248109
-51.98766143009128
-67.7801216075268
-82.96803292632907
-97.39026626546908
-110.89466004981288
-123.33798696428191
-134.58520486080567
-144.51026964480113
-152.99865861990105
-159.94999447235037
-165.2794096395779
-168.91779481547036
-170.8122030971727
-170.92726932068786
-169.24689897444645
-165.77474523227326
-160.5335943697677
-153.56577094678687
-144.93575396774085
-134.73306226957416
-123.07249277982385
-110.09145433497893
-95.94677380386047
-80.81279250690524
-64.88022884349068
-48.35420551143944
-31.450718080044766
-14.39220009209625
2.596664149126368
19.292488619442498
35.47697548922944
50.94184531153373
65.49390254677952
78.95787877459989
91.17649827336994
102.01017431352821
111.33865491419425
119.0639429445172
125.11209946104918
129.4329244675911
131.99860430012438
132.80280437389607
131.86055575868068
129.20807084067897
124.9015085250307
119.0149716034801
111.63925808349074
102.88201318470097
92.86749432780066
81.73380105151166
69.6284238619451
56.70521171681087
43.12398688513489
29.050875950881846
14.65715994633125
0.11669572134167822
-14.396410449969979
-28.70877634156498
-42.64803223282057
-56.04401287406405
-68.73143979888951
-80.55271615272484
-91.35910499544016
-101.01098721575515
-109.37993566346508
-116.35344354326547
-121.83960725839674
-125.76887081523019
-128.09310115951305
-128.78449232536215
-127.83590641773142
-125.2620975564833
-121.10037559663856
-115.41015529776243
-108.2720475281311
-99.78701287552465
-90.07497915912461
-79.27229514361554
-67.52873781558847
-55.00533479513509
-41.87318858005686
-28.312562661727178
-14.511717419635183
-0.6653020617427169
13.028092819690636
26.36956069823569
39.164380445089606
51.22649206350179
62.3819531963132
72.4711238014645
81.35074077215324
88.89729038165113
95.01099762863312
99.61805276145482
102.67039447997604
104.14523339492521
104.04614332321238
102.40455547797232
99.27936738065553
94.75445783150484
88.93594362219146
81.95052458834303
73.94438311214493
65.08112450142623
55.538034700156096
45.50169048161937
35.164656934109296
24.72325429805035
14.374170972776673
4.3086195922277675
-5.293970620709711
-14.26987792503692
-22.47264840830965
-29.77465446230264
-36.0699412104047
-41.27728167849675
-45.34171378923034
-48.23411547951262
-49.94988724757173
-50.50799866196652
-49.95024132967637
-48.3391623711742
-45.754097489245254
-42.287274504653254
-38.042237726191786
-33.13376464928081
-27.68630674914558
-21.829886518815204
-15.695444419232704
-9.411831942370142
-3.104431704185752
3.1061331251075552
9.10621105892934
14.791772147334
20.07019563377849
24.860720778434597
29.094807958313393
32.71777815258503
35.69075351234228
37.99040116109086
39.606156481032684
40.53766829402394
40.79468220439293
40.39837893538167
39.38181456454517
37.788780969014645
35.67237219190603
33.09463143199906
30.127243404433962
26.851956806156874
23.359666688713816
19.748760496274503
16.124283562705596
12.597884019786846
9.286322374829727
6.30724855530113
3.774141655067968
1.7930968033128714
0.46142847595523073
-0.13415279403972125
0.07894905664631754
1.1550596868606997
3.1272655767621087
6.0063742776404965
9.781037623757102
14.417816199044204
19.861069300905545
26.033975662577035
32.84148371407103
40.17368520436489
47.90739496090066
55.90627170358052
64.02220425385812
72.09938112315287
79.97936490610412
87.50478670374784
94.52132132409028
100.87941189296303
106.43699651999368
111.06305373502298
114.64072728682711
117.06914764827424
118.26461185588677
118.16260037032292
116.72053967252035
113.91907100756424
109.76041480732708
104.26564127401693
97.47365197472342
89.44198609062073
80.24710713377463
69.9826431805435
58.7564424317147
46.68828780796311
33.909115061932575
20.560942935748677
6.79606313152283
-7.224825375126342
-21.334155546241078
-35.35771638959565
-49.11512241062137
-62.422952122041075
-75.10011895896021
-86.9722957862814
-97.87363917791912
-107.64753005451091
-116.14890077117069
-123.2485104618929
-128.8374322516429
-132.8300763284275
-135.16569201880495
-135.8096206029106
-134.75512441954268
-132.02479121739464
-127.66976601903295
-121.76701818473661
-114.41718115465775
-105.74451594513098
-95.89715386094332
-85.04475789892463
-73.37354797394899
-61.08127386523593
-48.373897371481306
-35.46319892320995
-22.563604417016485
-9.88769184500623
2.3586586544694357
13.980126777858375
24.794595533392965
34.635837995108446
43.357275963319324
50.83559799569643
56.971821457995304
61.689592194003545
64.9334455497315
66.66915847184644
66.88513810929913
65.59252641172438
62.82347243926317
58.6289589347754
53.07758340301652
46.25537074541494
38.26555989165088
29.227387324599533
19.27419910669795
8.552304188837196
-2.778893222721986
-14.54709989219021
-26.56979361502137
-38.65910603295078
-50.62633098329078
-62.28423855524073
-73.44820952309313
-83.93841465849276
-93.5837232521822
-102.22603915867317
-109.7235342588015
-115.952557162659
-120.80920040697919
-124.21145295755669
-126.10159810637154
-126.44736407509274
-125.24099822922996
-122.49762033347885
-118.25511151896639
-112.57574473143049
-105.54716859460912
-97.28069896210249
-87.90766109967834
-77.57605555661162
-66.44848444174899
-54.700257841504
-42.51632149707104
-30.086942897580055
-17.603281096796604
-5.253934766768347
6.777641679378892
18.31617480390133
29.198879656695052
39.279671892811436
48.43090578437626
56.54242083132633
63.5204775163664
69.28869077885456
73.79001296526383
76.9874069886882
78.8625122389712
79.4136725508185
78.6548564238892
76.61568356872353
73.34159480876255
68.89324082945063
63.345404642506445
56.786827701082785
49.32136857296869
41.06859662376669
32.16166650524922
22.74331405993098
12.962980922485695
2.976170295300569
-7.055928249972314
-16.968617401194447
-26.59750659736067
-35.7823669969558
-44.3700009567934
-52.216480733470405
-59.18977458857997
-65.17306585158144
-70.0676307198776
-73.79385153706396
-76.29085137532566
-77.5170802901433
-77.45288649209094
-76.10300783914134
-73.49639184422924
-69.68356889991837
-64.734049579565
-58.7352032766991
-51.791713275440266
-44.024000132470235
-35.5652156298388
-26.55776139780292
-17.15042743108051
-7.496166643259679
2.250652095757796
11.938391005620218
21.42264853162994
30.568806684186676
39.251857430868526
47.355566114143095
54.773422838681995
61.41128202606641
67.18951567484196
72.04331144902625
75.92188104234829
78.7880910524196
80.6190158666373
81.40667107682883
81.15792199640362
79.89346902439182
77.64708567214245
74.46627354364686
70.41355943172813
65.56602634417342
60.0121078788813
53.847866497942185
47.175557672521755
40.10438543164787
32.75097341992774
25.237962165634894
17.691502100424604
10.239279060975484
3.009576636077226
-3.8695602875835955
-10.272156480454193
-16.076994911471303
-21.169703108112465
-25.443203665159967
-28.797804822710233
-31.14348515024595
-32.40478846375371
-32.52562799627109
-31.47145697773725
-29.229380610449923
-25.808569465249597
-21.24186492016993
-15.587273391592033
-8.927826778548548
-1.3696883631328596
6.960420885156672
15.917438555199624
25.340009788258524
35.05374512765942
44.876362248567034
54.62308806468164
64.10994326976947
73.15495468362211
81.5799144472664
89.21444384567343
95.90109994392857
101.49913485115658
105.88621629177118
108.95933176770042
110.63619167530409
110.85714977022636
109.58655350242007
106.81266347654017
102.54669001502718
96.82246918867713
89.69716642337329
81.25113332596008
71.58499948558921
60.814992621516545
49.06945143347721
36.48765906228129
23.2191425848834
9.421457652834484
-4.743236418239601
-19.111128297270103
-33.51829099572865
-47.80132663896516
-61.79833535766241
-75.35073471587262
-88.30492282735493
-100.51235858201277
-111.82856729557268
-122.1135077646158
-131.2343578523578
-139.06870893143312
-145.50609225067467
-150.44845631424067
-153.81120587164315
-155.52497188222983
-155.537258774004
-153.81344277058244
-150.3373145182684
-145.11184692493495
-138.16065797684223
-129.52955874012918
-119.28697204812809
-107.52330842233111
-94.35079757749213
-79.90399556644526
-64.3391337958228
-47.831422253532
-30.571857383156953
-12.765113508898281
5.371892880939143
23.61224059790185
41.722782921787505
59.46885275652586
76.61861417218572
92.94649331658209
108.23662711055685
122.28752688025163
134.91719030032795
145.96622150607217
155.29802745014626
162.7982218554657
168.3757475937412
171.96545654663456
173.52983614823742
173.05859097773816
170.5669759499693
166.09445740112668
159.70418884995968
151.4824258897774
141.53677072578185
129.99336305389383
116.99457632858719
102.69833679565595
87.27776496738032
70.9186439181024
53.814506105226656
36.16206563482335
18.159166633703503
0.004264794891657376
-18.10496223209283
-35.974610025591154
-53.41776330526055
-70.25635781088752
-86.3215594152636
-101.45389081444088
-115.50423603030143
-128.33528259962495
-139.82172090661123
-149.84864986322185
-158.31022150030887
-165.110913518325
-170.16877207269718
-173.4175529402686
-174.8063573413129
-174.29853628559516
-171.8720776479192
-167.521558166392
-161.26011106252628
-153.12023834651677
-143.15373188244865
-131.4318681268616
-118.04654175163289
-103.11145491358704
-86.76168076131266
-69.15147443284081
-50.45244338944832
-30.853630734041715
-10.562076231188302
10.198776724450447
31.19319441551943
52.17765005948265
72.90396154228966
93.12153221320497
112.58023762534664
131.0346546503609
148.2489155375702
164.00091376924183
178.08540258434311
190.31696655272782
200.5340334071223
208.60318515217145
214.4213643423139
217.91501484134247
219.03829293521596
217.77295341474144
214.12975708946968
208.14914870310014
199.89991287897902
189.47665132754167
176.99759008303295
162.60319879872776
146.45485138514914
128.73254218780338
109.6317647227041
89.36096058151942
68.14050903026973
46.20193142931611
23.784876323505618
1.1317118414425489
-21.51756552743481
-43.92792297980107
-65.8702676672334
-87.12306735487722
-107.47528321398808
-126.7293432358315
-144.7027924400962
-161.22856290301874
-176.15494012782293
-189.3461932163961
-200.68351711983883
-210.06490079467488
-217.40355332436928
-222.62675966326995
-225.6771944791147
-226.51591523716965
-225.124209453913
-221.5031302745183
-215.67251616561862
-207.6716467786993
-197.56152365179344
-185.4270700429009
-171.37787650898886
-155.54754284342755
-138.09264274286298
-119.19203960047149
-99.0459698708493
-77.87358037529405
-55.90892595859073
-33.397423327207534
-10.594280410819275
12.23643523600982
34.824734878008115
56.90014067044286
78.19746866066714
98.46099480416943
117.44718774229143
134.9274625127439
150.69182283714517
164.5529234665346
176.34935677785828
185.94756564578623
193.24321941180585
198.16332161257114
200.66866074903902
200.7544268403305
198.44778995166791
193.80419022059846
186.90503521591327
177.85713570040943
166.7918693718433
153.86260380546742
139.2410287087169
123.11393997860154
105.68109996569983
87.15349048990616
67.75089746695558
47.69867684150922
27.224908164055503
6.559105557794132
-14.068387929018348
-34.428706552074814
-54.29913521106161
-73.4677562360292
-91.73559618683157
-108.91679151006029
-124.83916813633942
-139.34631457695653
-152.2999985761475
-163.58129302874866
-173.09005682247695
-180.7438108920427
-186.4772405552958
-190.24238310914262
-192.0082145027452
-191.75872368682704
-189.490763332242
-185.214041591402
-178.95345072353166
-170.75119665590066
-160.66678929356294
-148.77595000757142
-135.17073232330327
-119.96142671401869
-103.27877540897434
-85.27484395835297
-66.12215199972337
-46.01193694910933
-25.15270388513561
-3.769130517826999
17.899962870854974
39.60548075250067
61.092643147661214
82.10431138769938
102.38281400688311
121.67223819104875
139.72287694489435
156.29713065085144
171.1747000922217
184.15593266648887
195.06405996002923
203.74763305544934
210.0835511813045
213.9799283927216
215.37775582175348
214.25120394012444
210.6076433052694
204.48841974172387
195.96965600457338
185.1609618961489
172.20120271854938
157.25322223718825
140.50006371451218
122.14293838820569
102.39906243569587
81.4979889689936
59.67700860284118
37.17709923114899
14.240167519024316
-8.892919750055608
-31.98455852913256
-54.80323194633536
-77.12591819567812
-98.73880324470731
-119.43687037448215
-139.02479647547537
-157.32034243106835
-174.15817677967533
-189.39135191026756
-202.89042424009494
-214.54251480178036
-224.25179522466945
-231.940688467985
-237.55024007337
-241.03911594467164
-242.38211493393393
-241.56950484517097
-238.60739075710075
-233.51771688933044
-226.33660564029498
-217.11203160014685
-205.90337846818238
-192.78374334060015
-177.8428487203905
-161.18800174718658
-142.94315327665572
-123.24820624888405
-102.25983806875062
-80.15285874923316
-57.12035568081563
-33.37204289726479
-9.131707897727738
15.365050179699033
39.87265333658678
64.13813706124506
87.90561872376783
110.92185527299807
132.94054271543683
153.7242416178924
173.04564588955893
190.69059590979026
206.462877816721
220.18868708039042
231.71922024020583
240.93188800463753
247.73151287203837
252.05206835828835
253.8583322047449
253.14643573267227
249.9430580485679
244.30430417543192
236.31548277281735
226.0912650728331
213.77405741541966
199.5295212393581
183.54108208087086
166.00607747987334
147.13377209071234
127.14325351258739
106.25991325922419
84.71125775975455
62.72353266486913
40.51973614984196
18.318344343960824
-3.6683268266517826
-25.236308089403018
-46.1915166183604
-66.34946257149886
-85.53397046471703
-103.57734166395358
-120.32282789626306
-135.62728049302297
-149.3615567126434
-161.40907320235698
-171.66495191752378
-180.03716332632507
-186.44874248144401
-190.83933766215577
-193.16550202117617
-193.40063877151294
-191.53578284587906
-187.58121528730905
-181.56754293271365
-173.54513608667685
-163.5828536098511
-151.76834744329878
-138.21062695402702
-123.04253626259322
-106.42039250870432
-88.52100638808251
-69.53874506853661
-49.68423679899772
-29.183634521550708
-8.276517788240007
12.788024226892674
33.756002464386675
54.372560143094944
74.38526426565663
93.54774863844206
111.62473805123166
128.39768072214744
143.6687197769745
157.26186215476903
169.0229699702559
178.82110755412228
186.55153082201386
192.13820625049357
195.5342370613505
196.72076489291777
195.70585145803773
192.52398786763146
187.23571513486283
179.9264770070131
170.70427228972957
159.69662942329427
147.04843036607826
132.92158240161655
117.49518682557147
100.96402336638099
83.5353519708148
65.42583789257374
46.85963218062274
28.06704111959169
9.282717789922051
-9.257094169025718
-27.317895257613515
-44.669967878298735
-61.090485267323594
-76.36543786870907
-90.29325707937149
-102.69061022778274
-113.39818707682446
-122.2841153000993
-129.24520849847062
-134.2081268117316
-137.13160769450275
-138.00885382934717
-136.86849578084795
-133.77359331172286
-128.81944356874024
-122.13127793226963
-113.86207813847045
-104.18960594375102
-93.31173341738248
-81.44065246200795
-68.79785281616422
-55.61105982828127
-42.112218449388706
-28.534533261712337
-15.107788991332908
-2.0532134310018715
10.420395555951908
22.11899024753008
32.86511945678714
42.500252427726934
50.887462177853166
57.91357132778093
63.49003929516538
67.55291128299855
70.0630418644028
71.00721334397484
70.39897211314097
68.27727567477717
64.70274704023426
59.75360434554278
53.52328148399189
46.11946275808822
37.66265488335905
28.28328413319521
18.118176555300927
7.307860861181238
-4.004851815190463
-15.675764243746698
-27.560686252109132
-39.51741593061782
-51.4071394903183
-63.094121774134464
-74.44433330944369
-85.32515393837413
-95.6073416038613
-105.16789268402272
-113.89138309881855
-121.6692079866309
-128.39851035859488
-133.98268071258912
-138.3333706540487
-141.3725052899309
-143.03323789081145
-143.26023658909438
-142.01043252874112
-139.25473173247852
-134.97990416145734
-129.18938174199943
-121.9028200473408
-113.15581548900217
-103.00118172542703
-91.51152060858055
-78.7812510090815
-64.92648793522025
-50.08304017698399
-34.404212465095775
-18.059430246888958
-1.2330581400809444
15.877710681089908
33.066174501101074
50.12005804275047
66.82528192532492
82.96925210592705
98.34417380865506
112.7512013800291
126.0052979008533
137.93938482141183
148.40642545099763
157.27966678343284
164.4526626574457
169.8403978171637
173.38117526398284
175.03778603701176
174.79712480236597
172.66890778174132
168.68466354193623
162.897391403427
155.38130561368519
146.23080978275019
135.55854712924793
123.49354469829684
110.18061923699494
95.78056069653017
80.46899966452979
64.43275965397892
47.86520033010982
30.963176645004978
13.92629091980348
-3.043379937343118
-19.742981944379345
-35.97194873052096
-51.53496853134307
-66.24387185545538
-79.9188680293789
-92.39024533410927
-103.50095306722429
-113.10916812931649
-121.08958031993531
-127.33348853626
-131.74952186107498
-134.26660340727585
-134.83846282038385
-133.44717074219906
-130.10411558958654
-124.84941497552107
-117.75169194536359
-108.90858731784846
-98.4467712367561
-86.52041564703707
-73.30828377076462
-59.01032722000107
-43.84451200357418
-28.043726490061804
-11.851779593550065
4.482123874804045
20.7093805825873
36.586470320427374
51.87732329711119
66.35519890818242
79.80591705222405
92.0322856403406
102.857976012138
112.12968185884604
119.71806789218091
125.51873593512117
129.45372309656628
131.4729415618578
131.55458428468205
129.7042578983575
125.95388310202269
120.36164797265288
113.01260643377259
104.01771613476237
93.50998856365152
81.63936094220216
68.56906212688057
54.474070403768664
39.53977671786908
23.959231151090627
7.929450800121824
-8.351606371630837
-24.686588131006793
-40.87945202252161
-56.73654303611188
-72.06846383468513
-86.69179147594727
-100.4294364211892
-113.11007486842261
-124.56881801292931
-134.65049158346528
-143.21410580020168
-150.1358657375879
-155.31006791048003
-158.6497503950009
-160.08883698342612
-159.58539536615768
-157.12439828647558
-152.7190045764011
-146.41062886118374
-138.26869719905238
-128.39055633471463
-116.90090006736318
-103.94957465732365
-89.70774491217462
-74.36409563922616
-58.12266325377659
-41.20172530933746
-23.831607886485102
-6.250333113772779
11.301746909384912
28.586486297093376
45.37110871240769
61.43094088108714
76.55275575804242
90.53874651849603
103.21024762307715
114.41034821917847
124.0055281716646
131.88740195501467
137.9752158166635
142.218093227597
144.59518204361922
145.1131521577208
143.8026687215842
140.71601493102898
135.92626610698142
129.52647396255898
121.62748644598027
112.35474976945805
101.84541859312952
90.24650893214222
77.71373650179741
64.41019603569674
50.504503057399035
36.16907477751128
21.579650576772654
6.915996030628754
-7.637933718556108
-21.896076455762902
-35.674224837322924
-48.793695923214905
-61.08317890409421
-72.37949206507264
-82.52910333707275
-91.39110553047712
-98.84060423337242
-104.77124177572226
-109.09669300905357
-111.75190966398245
-112.6948023383597
-111.90808866194132
-109.40013398441799
-105.20398816276035
-99.37539990765504
-91.99154871668172
-83.15127301581151
-72.97567455000708
-61.60726588709668
-49.207100207525926
-35.951091876129716
-22.02698547648015
-7.632091754525739
7.029193105235775
21.748775341463542
36.31889602612205
50.53603771888539
64.20417763210024
77.137619807331
89.16419641901062
100.12913957400394
109.89867403773998
118.3618023054643
125.42974556813117
131.03425933186966
135.12669800383023
137.6784133170741
138.68128549986275
138.14700285337315
136.1051381945367
132.60117316102242
127.6952715168627
121.46158790584053
113.98732052218277
105.37100788820231
95.72061794833469
85.15270591266878
73.7930124435265
61.777042341246975
49.24876429386123
36.357400080520904
23.254294680166982
10.091627780566728
-2.977505471680358
-15.79958822559828
-28.222730652675363
-40.09936687929054
-51.28822526770745
-61.6552815380551
-71.0744962454262
-79.42923123438189
-86.6143952429003
-92.53834687880955
-97.12358979750623
-100.30666598914021
-102.03884573745384
-102.2885967393793
-101.04490541675261
-98.31943058612876
-94.14649139357199
-88.5818895574182
-81.7021913156941
-73.60479684121256
-64.40774530652611
-54.24828009614433
-43.28021537991194
-31.670871155390543
-19.59829058711013
-7.248699183488327
5.1866624148825515
17.51595171663714
29.55158064202615
41.113805457674395
52.03226619838683
62.1465354111073
71.30747002715945
79.37997560999491
86.24604166131205
91.80665012247852
95.98250710028853
98.71445167641384
99.96397372531943
99.71375100352375
97.96802904635183
94.75252110685474
90.11347110611858
84.11609450196329
76.84325167838271
68.39482496716553
58.88720895436412
48.45212752695006
37.23479675463277
25.391956743237714
13.090167273869149
0.5043872403041602
-12.18371253685114
-24.788413410715325
-37.12346140841898
-49.00524768250049
-60.25464172669234
-70.69804392288746
-80.16950521196023
-88.51505637532263
-95.5982726999088
-101.30486620252302
-105.54513419549788
-108.25514559426622
-109.3981584302174
-108.96644274538978
-106.98241664009367
-103.49826372498656
-98.59421636386152
-92.37622689882453
-84.97361812866302
-76.5366736198399
-67.23338371268417
-57.24476584195482
-46.75958965961184
-35.97026469261248
-25.07062607494971
-14.254403722495882
-3.7125647299149898
6.370837923088913
15.822928909198113
24.484931610950735
32.21372193117225
38.8830984984012
44.385577710424286
48.634456551602305
51.56519347571647
53.13552576988076
53.32491279414283
52.134571458629765
49.58843950249148
45.733707617590305
40.63925989922911
34.39213992815133
27.094078494397166
18.85983422414404
9.816908340135738
0.10478408861455943
-10.127266375765846
-20.72303393304429
-31.521650787045452
-42.35901861486235
-53.06916485487266
-63.486428935759974
-73.44845155140962
-82.79884142388562
-91.38856571381083
-99.07669572278282
-105.73224845745482
-111.23799655699965
-115.49515872948035
-118.42691492430401
-119.97972965130656
-120.12338399841896
-118.85123992553966
-116.18102247713489
-112.15510568068575
-106.83946806448016
-100.32151983708101
-92.70759276514616
-84.12066166619533
-74.69810271714611
-64.58866307641627
-53.94824238476039
-42.935363575363844
-31.707797668561348
-20.420955654241308
-9.227286438440174
1.7247205659588163
12.292671530368318
22.342913280792573
31.752495530879717
40.41015605936477
48.217105312522555
55.088365692766864
60.95470958825915
65.76468511307026
69.48608627128459
72.1067282016133
73.63525172382688
74.1026329372683
73.5637262630255
72.09718410204542
69.80289424587203
66.79789880008533
63.212678006337086
59.18863141409517
54.87571042438828
50.428718548905884
46.00219079230898
41.745112727756535
37.79662311853289
34.28277216850903
31.31364790058805
28.98037065565264
27.352378712208413
26.476121883262067
26.37563320024829
27.053905629707167
28.49351636920147
30.65616620644066
33.48226739526158
36.8920128549268
40.78830381959083
45.060468150903354
49.58741279656309
54.24001738240898
58.88364694100457
63.38144968999961
67.59817599311226
71.40369393909575
74.67564353291395
77.30157719945271
79.18154404684931
80.2314030473461
80.3857802713219
79.59921222686533
77.84512820281059
75.11378136048786
71.41073980611934
66.7566251532663
61.18726700851316
54.75298262780431
47.516738555799854
39.552029899389275
30.94126362894701
21.77477185292997
12.150108096437934
2.1712290763908233
-8.052323075193005
-18.40549313297493
-28.766683927352965
-39.00663251372778
-48.98885027847685
-58.572265651096444
-67.61496648407312
-75.9771699763619
-83.5226583286655
-90.11983626787072
-95.64404939403414
-99.98138015866668
-103.03272992643603
-104.71709686253878
-104.97398432047136
-103.76554164811334
-101.07883647119411
-96.9277865182777
-91.35360478718857
-84.42326435597352
-76.22708753008311
-66.877110305501
-56.5065686495133
-45.26921130052271
-33.33690622428369
-20.895379338472008
-8.139452680084087
4.7308734426128645
17.513539442548122
30.00770337584918
42.017698261999435
53.35728812980436
63.85340736789269
73.34886101334166
81.70435151281855
88.80083650527793
94.54256233659919
98.85963114042097
101.70850206581737
103.07020116609296
102.94777900487307
101.36474273465966
98.36462184711938
94.01031253490655
88.3820617556446
81.57443983828992
73.69352956514123
64.85501678424542
55.182804558863815
44.80730245592817
33.86308916697963
22.486768885338755
10.816185205302014
-1.0091160436373383
-12.847882760946495
-24.55909201267031
-36.00513623400092
-47.053965725201195
-57.57897146446965
-67.45784633516313
-76.57243275068456
-84.81006402548306
-92.0653161066987
-98.24107606693978
-103.24892272756176
-107.00963361402417
-109.45446441504926
-110.52688697474727
-110.1837065897918
-108.39507090631963
-105.14445779011646
-100.43025808924047
-94.26908385687967
-86.69902161622382
-77.78089191390298
-67.59737330720868
-56.25155061294302
-43.86616513919458
-30.58323618239799
-16.562905028493173
-1.9810004833713641
12.974177313495053
28.10505179538611
43.207662870410125
58.07485423772812
72.50058768398219
86.28517755067612
99.23993897201393
111.18984903257375
121.97440862532872
131.44832342803556
139.4833877502546
145.97128553261865
150.825742233447
153.9829575473136
155.40078028975918
155.0578986281783
152.9538226020951
149.1093365803188
143.56644156803222
136.38738719136376
127.65373558050779
117.4666297494756
105.94778683089105
93.23917171912215
79.50010735455353
64.9031660755229
49.63147746113858
33.87832969818412
17.847240656650825
1.7502083459189635
-14.196152175308093
-29.774957761095518
-44.77245442548662
-58.98065597476009
-72.20035780866303
-84.24501507487909
-94.94467802955796
-104.14873316019798
-111.72732196140768
-117.5728563920372
-121.60305192254751
-123.76518073210701
-124.03961489196844
-122.44090761288918
-119.01657492176331
-113.84532286119703
-107.03594028877369
-98.72633417531578
-89.08144931311499
-78.28963578137989
-66.55813399336172
-54.10863717634275
-41.173248990214965
-27.990173213892252
-14.798257438852646
-1.8306866499999186
10.690454140476216
22.557243408952687
33.57704881465447
43.57371281606685
52.39015595612463
59.89166223351906
65.96805661745994
70.5340728673474
73.52884108115454
74.91567924482727
74.68238496913375
72.84132613424889
69.4286069753469
64.50244308692766
58.14185787619909
50.446541823023544
41.536962662204516
31.552672728416454
20.648257732672096
8.989060074645206
-3.25098456073214
-15.889755919983925
-28.73785203556573
-41.60118902612459
-54.28448473699162
-66.59425005365807
-78.3408708119489
-89.34045852537685
-99.41741222511565
-108.40808491768428
-116.16495527531283
-122.5600223972048
-127.48685976632058
-130.86224365525894
-132.62834962959369
-132.75515157864578
-131.24195131599464
-128.11762237532426
-123.43995731400857
-117.29459025826326
-109.79361581046146
-101.0736487168076
-91.2927185039128
-80.62547976600779
-69.25731953189475
-57.379192686094434
-45.18456365417862
-32.867753059066494
-20.621670621157552
-8.633929492940311
2.917608369416886
13.868146518597182
24.067689395692295
33.38218762963711
41.69508373372821
48.90918640197879
54.94801615904624
59.75601100555777
63.29803813218696
65.55946329381213
66.54736640789169
66.29165236039397
64.84398733187658
62.27420399216468
58.66631528241948
54.11633695410614
48.731674199789644
42.63020600267311
35.93817215226464
28.787708597497357
21.31522325993558
13.660791698224093
5.967691806088974
-1.6189477676362518
-8.954457103860879
-15.896697278887622
-22.306734398096747
-28.04878931940009
-32.99159895947758
-37.01216172636618
-40.00027817407456
-41.861591439302074
-42.51880434919152
-41.91279057321667
-40.00499033638753
-36.780549760388574
-32.250561176706114
-26.45244567418714
-19.44895189766979
-11.32695411961283
-2.1965753670780734
7.810178823959925
18.542467889057342
29.835136687794883
41.51285780230745
53.39240981940534
65.28380240206312
76.99237185440893
88.32289965385145
99.08462091358876
109.09529172070683
118.18382626146466
126.19249712375596
132.9796647711713
138.42288200077442
142.42141369789294
144.89748484480978
145.7966476295852
145.08842947490214
142.7677645582508
138.8560268841338
133.39984492853475
126.46755947664832
118.14545585958591
108.53584050429843
97.75666145778779
85.9407681515645
73.23379569535332
59.791448647075484
45.7774927328314
31.362849046740834
16.72504535053294
2.046969715721035
-12.485343598059849
-26.684972286600875
-40.36536365059914
-53.34110104003699
-65.43010206546802
-76.45823769432069
-86.26486865306421
-94.70685017719535
-101.66038681300716
-107.02238181469652
-110.71292618798458
-112.67868046148679
-112.89553739266614
-111.36935962058546
-108.13501821002586
-103.25501469191876
-96.81857768747015
-88.94054165730493
-79.75854438758725
-69.42851133987662
-58.120389437593154
-46.01589257253153
-33.30762443782658
-20.19727734938736
-6.891689762004621
6.402075244452533
19.480650240231075
32.146700653987295
44.21078491711137
55.49394610168311
65.83097068923917
75.07322600091717
83.09025235493922
89.77051090760224
95.02258642764968
98.77744202032494
100.99044459210772
101.64117788581551
100.73089925134224
98.2798389253762
94.32631978623111
88.92715994024596
82.15734903279025
74.10815227905692
64.8845982240359
54.60363662164449
43.39323572773165
31.391549710693795
18.745125037672302
5.606279412788035
-7.868851097571283
-21.520527555284286
-35.18512310432576
-48.696747017024826
-61.89103149654388
-74.60851710072224
-86.6955666434958
-98.00373442515118
-108.39001686774687
-117.71897887652474
-125.86556919039926
-132.7169572024155
-138.17308597036836
-142.1471051604813
-144.56681558162413
-145.37676942218368
-144.53948209265192
-142.03507718683358
-137.86091725169152
-132.0333521863532
-124.59128266204078
-115.59869477765668
-105.14413857747053
-93.3382332654273
-80.3116688470379
-66.21454706276056
-51.21581530701055
-35.50136713179362
-19.270722982253858
-2.7333375581509305
13.894511095336759
30.39245640908903
46.539612822695496
62.1195438501632
76.92522963701848
90.76192274050078
103.44775358147251
114.81432799768007
124.7092132021797
132.99961659913433
139.57509474640267
144.34835972402988
147.2552159634177
148.25500022421767
147.33169440210713
144.49471658633882
139.77840545140216
133.24042297193708
124.96049641385852
115.0404122042975
103.60402741762023
90.79503919525625
76.77235179211098
61.70562753700043
45.77310823206845
29.16078991769792
12.060679328075356
-5.332559754545798
-22.82526709009241
-40.22723383430589
-57.35271355660581
-74.02103675645482
-90.05789099071309
-105.2970000059224
-119.58071064560255
-132.7588732898207
-144.68782371280778
-155.23180985092725
-164.26652193922448
-171.681935727393
-177.38277042897516
-181.28779841399916
-183.33023380945932
-183.4598187145071
-181.645366613299
-177.87629801328922
-172.16295449688997
-164.53677053002903
-155.05128380106467
-143.78342305997182
-130.83342000938845
-116.32281937844778
-100.39228815276135
-83.20119286861741
-64.92848909997004
-45.77242106134502
-25.947598611431825
-5.6807103738919675
14.79301294686106
35.232099747031825
55.39113365434264
75.02422867920168
93.88955960913829
111.75380413252972
128.39559643380278
143.60839698880616
157.20408684623555
169.01758815260288
178.91074160439328
186.77343508624998
192.52243878387011
196.10050436166992
197.47721352953812
196.65038340681372
193.646051082965
188.51668596294857
181.33888324124143
172.21167925392672
161.25538503025277
148.60994101639687
134.43217206111035
118.8926893883516
102.1739739707422
84.46987973792245
65.98452629744867
46.92863079754155
27.514389632754764
7.952038955618502
-11.55073465354394
-30.788548980207377
-49.559544119417936
-67.6680134286342
-84.92674145845635
-101.15800460649373
-116.19389173313812
-129.87732818251658
-142.064208171278
-152.62540921615863
-161.44722539112541
-168.4307410124814
-173.4926215341205
-176.5686963123615
-177.61842655746153
-176.62720131786241
-173.60596490762666
-168.59042088167837
-161.64159704007415
-152.84710312755573
-142.32125632644662
-130.20329632236576
-116.65448960081844
-101.85539107541437
-86.0036122725613
-69.31108684063457
-51.99967158014256
-34.295666534674595
-16.42551830857805
1.3860841743327774
18.91739248760499
35.95254241716494
52.286349296483635
67.72875856455794
82.10731807165313
95.26818666124628
107.0771815351368
117.42151334143931
126.21152959140373
133.38139719876776
138.8885657646237
142.71316730701398
144.85850230400578
145.35188369785556
144.24360089396387
141.6031835361236
137.51509999479615
132.07643174666467
125.39633193482547
117.59508150839122
108.80160105753463
99.15035644741312
88.77914363153705
77.82815141898428
66.43945058390806
54.7558694841266
42.91933226137006
31.070049594815565
19.347497779796246
7.891783952941821
-3.1570914149453277
-13.662290222215125
-23.493075672817525
-32.52589036768607
-40.64434040188727
-47.739542756533545
-53.71110951716539
-58.46830131404011
-61.93135653209754
-64.03349353404329
-64.72389284926726
-63.97156790851799
-61.7693668121869
-58.13653137866823
-53.11881749829452
-46.78717161029152
-39.23667029833932
-30.58608439290901
-20.977316515252507
-10.574157494598838
0.4398330613100896
11.864585078999887
23.487940118518544
35.09078356225325
46.452672194633436
57.35810301445425
67.60272605295319
76.99778867082763
85.37209231959946
92.57300243263444
98.46846357147703
102.94990044332734
105.93422960437815
107.36399496925742
107.20643184756575
105.45277212398001
102.1180924667827
97.24086263706293
90.88130413407622
83.11884015848925
74.0501107165537
63.78848376776382
52.46375155085969
40.21971150631079
27.209606399563974
13.592092379954295
-0.4703540436707956
-14.811663521869221
-29.26318260564979
-43.65595417054267
-57.82301470854565
-71.60051474314128
-84.82781023740638
-97.34774860674608
-109.00809622716585
-119.66355237098567
-129.17678594494004
-137.41818840912262
-144.26634358920538
-149.61111728521692
-153.35834162445005
-155.43326013922493
-155.78168845323756
-154.37056846028614
-151.18972589256546
-146.25458442712647
-139.60816326445158
-131.32119561215106
-121.49071442958889
-110.23838221397615
-97.70925562167957
-84.07013160488636
-69.50610709941854
-54.21563237351306
-38.40623583889652
-22.29238564906853
-6.094187173826257
9.965544907488454
25.666297185971626
40.794992968780754
55.14946217071883
68.54051869984238
80.7941096401814
91.75426014069394
101.28614196767346
109.27808573755708
115.64220295094253
120.31468404627624
123.25707838571829
124.45810671956981
123.9337606399875
121.72446247339177
117.89109237362393
112.51260644501228
105.6854832027394
97.52293026759526
88.15248939509519
77.71282553597142
66.35129636600232
54.22290256937245
41.48981969337461
28.320318693495512
14.886885613948206
1.3647229417708842
-12.068316632476915
-25.231331657402894
-37.941882147321486
-50.0201734706848
-61.29372984471705
-71.60003472117128
-80.7873438731264
-88.71598674091094
-95.26153603261356
-100.31891962962573
-103.8056612271136
-105.6635093701471
-105.85922590677994
-104.38567350272568
-101.26323995304942
-96.54026216896784
-90.29130708681393
-82.61414824989753
-73.62767091816187
-63.471659895093005
-52.306809325394575
-40.31260446509253
-27.68282977955126
-14.620674550549337
-1.3351477373816563
11.961492916791936
25.056750269614987
37.74203542002661
49.81723106574926
61.09445879820832
71.400649786254
80.57977214020958
88.49585569790418
95.03660666380196
100.11577668974166
103.67277889243205
105.67037168682778
106.09282318852873
104.94577980927843
102.25665063696152
98.07374369122925
92.46400344721968
85.51060963585267
77.31140515292313
67.97795043426346
57.634314031145024
46.41503884246768
34.46280472358601
21.92706194742102
8.964093874229166
-4.262944604176917
-17.586015414437938
-30.836096403258683
-43.846570517853024
-56.45439041115892
-68.50002776403636
-79.82835286978211
-90.29112118466254
-99.7498781891967
-108.07789744704594
-115.16104479315457
-120.89859815965373
-125.20490610453078
-128.01152518266747
-129.26848602940404
-128.94404039238628
-127.02408545171544
-123.51306917586113
-118.43658828352916
-111.84386623861128
-103.80815108652111
-94.4250068848888
-83.81021188779445
-72.09853152131265
-59.44286871509512
-46.012506722435816
-31.990008071246645
-17.567494276280684
-2.943249913460644
11.681139497237433
26.103833321926825
40.12681494838924
53.560775530601724
66.2293528472768
77.97140697486421
88.6414926377589
98.11004107629337
106.26461277149099
113.01204937421885
118.2801518235427
122.01799180635949
124.19531824991536
124.80203169107712
123.84805297721519
121.3631062283559
117.39576772896605
112.01173769520085
105.29220977251585
97.33335824322381
88.24675600639408
78.15913237086504
67.21005216788018
55.54798623456464
43.32686140156612
30.70456695304731
17.842728530708413
4.905962393431163
-7.940109541346359
-20.53123717126051
-32.706276326746746
-44.308254079616354
-55.18557828405952
-65.19407260381645
-74.19954649931275
-82.07974560942385
-88.72500351942726
-94.03846023992611
-97.9374026619292
-100.35627668805103
-101.25043294182477
-100.59902662690142
-98.40611293886117
-94.70037087916471
-89.53465547058903
-82.98586796889028
-75.15451365805355
-66.16323542631784
-56.154363458220566
-45.28704791987878
-33.734471806424686
-21.681117351735885
-9.319427835301415
3.154724245925649
15.547253490974413
27.67027116115647
39.34459359558218
50.40073396168311
60.679888384141854
70.03607126457081
78.3390368167605
85.47662475242845
91.35577861986748
95.90275666865679
99.06344641057377
100.80405054897223
101.11163152128049
99.99382591000271
97.47771402156089
93.60883322645827
88.45131925275264
82.08858175434186
74.62248794301463
66.17000432532473
56.85891744313196
46.825206985976685
36.21256052074777
25.172166595086463
13.861097884057314
2.439566120339109
-8.931510258253583
-20.091889100219287
-30.882976588539748
-41.14949374586704
-50.74207022491004
-59.51968406893147
-67.35073513379938
-74.11315987940816
-79.69555446170428
-84.00059697843693
-86.94964929629498
-88.48608276331039
-88.57625772711023
-87.20945616339093
-84.3985038420896
-80.181106520483
-74.62051615498899
-67.80459190160317
-59.84364741796253
-50.86809636686733
-41.02644934136921
-30.4832073557325
-19.415587329640516
-8.008753735706302
3.5491610287958713
15.070457391816692
26.369430083404936
37.26374416897161
47.57726658851492
57.14409754685399
65.81214343278528
73.44520182238806
79.92408388649355
85.14789267297463
89.03583840765896
91.52893684365692
92.5906558753072
92.20634723305626
90.3824649194983
87.14673073705697
82.54887375779981
76.65995920619338
69.56914017679217
61.379403470778165
52.20487840944207
42.17008845411475
31.409225441163752
20.063993759268232
8.28066969342558
-3.792048947600046
-16.0037569361897
-28.20232411022009
-40.23435788132002
-51.94672378967376
-63.18835076642208
-73.81101590336174
-83.66925943002651
-92.62134830530756
-100.53258573846313
-107.2797074771055
-112.75395807355713
-116.86222388723705
-119.52786897850821
-120.69287817899779
-120.32103803415711
-118.40056949511282
-114.94512472698322
-109.9935625011861
-103.60953204097343
-95.88103864399412
-86.91915714432828
-76.85527619209248
-65.8377308294792
-54.02941247477632
-41.60632717747836
-28.755285645132215
-15.66975745866143
-2.545059666689047
10.42553277352118
23.05362957469623
35.158606487339945
46.57109719016326
57.13633728254635
66.71641542972428
75.19161116178536
82.46191463963625
88.44930487881014
93.09974968721805
96.38310608530536
98.29054590223201
98.83137708275945
98.03133342123886
95.93231752255227
92.59191412329481
88.08156552480371
82.48395693081936
75.89078071892004
68.40125589371314
60.12084228885026
51.159545397726134
41.63003298126303
31.64667074823995
21.326321028092803
10.790101690362864
0.1640458645748693
-10.422470204515907
-20.83934527326207
-30.95724238909479
-40.64732994961311
-49.78073255965493
-58.22924641902447
-65.86727364409161
-72.57385266536022
-78.23416157555624
-82.74094531939095
-85.99665757417793
-87.91646700693619
-88.43128423993048
-87.4896548859091
-85.05839690034388
-81.12333355669405
-75.69148817671547
-68.79427434104042
-60.48957761980752
-50.861280818486755
-40.01705154628996
-28.086312960358313
-15.21909802589903
-1.5848070296265855
12.630256834940964
27.2266116238795
41.99573105465101
56.72376007144563
71.19479399285109
85.19459674554876
98.51544591498784
110.96131349931429
122.35152119802349
132.52202789307518
141.32572437393185
148.63377236569886
154.33822807253955
158.3543351357346
160.62118618578182
161.10110696936542
159.77899545306664
156.66228448841514
151.781084602436
145.1875208796605
136.95386401177748
127.1703743935589
115.94428133682321
103.39979636625412
89.67709625476955
74.92881760808041
59.31544929939825
43.0022995553966
26.158733153671193
8.957898727365277
-8.424755489667882
-25.813903149076165
-43.036215387458995
-59.9208677276708
-76.2993271628952
-92.00572995396762
-106.87832246137457
-120.76097318570075
-133.5035029152767
-144.96127992603954
-154.9962323224981
-163.48046812743692
-170.30085653948595
-175.36199606890293
-178.5872143490325
-179.91949495247476
-179.32377844479285
-176.7900250866497
-172.3354171495348
-166.00489111549552
-157.87050854130496
-148.03064402697254
-136.60929352708163
-123.75469395335836
-109.63627745927532
-94.44034003194706
-78.36618163003178
-61.6239481521625
-44.4333323987274
-27.021122112115755
-9.616807507747234
7.552434858083033
24.26564763055303
40.31063206617878
55.48619892818331
69.60506343976412
82.497245012246
94.01302207100755
104.02466506735709
112.42726797027466
119.13992543487326
124.1078199193902
127.30386517704576
128.72795811306742
128.40391769523606
126.37644041253166
122.70989614125027
117.48824643520719
110.81406440995727
102.80586614630504
93.59484683490938
83.32252285706751
72.13963471773943
60.20536245318909
47.68577999044578
34.75172463251634
21.577476353886293
8.340967994097458
-4.775981336186571
-17.5897099298658
-29.919047876349282
-41.58936438853782
-52.43436391600737
-62.296524390379844
-71.02841857726017
-78.49578134416348
-84.58120046846146
-89.18688943456542
-92.23620185076548
-93.6748349147966
-93.4726424772931
-91.62562991194997
-88.15659664461914
-83.11371116630997
-76.5684403835539
-68.61493814147818
-59.37097013782784
-48.97812387116152
-37.599458293066675
-25.415350379156312
-12.619685737970586
0.5827615738495913
13.978790701064598
27.35034348040939
40.479223711193704
53.15182856233066
65.16280211824225
76.31781240174116
86.43681357040093
95.3585011732422
102.94452360940836
109.08117054347349
113.67839387959052
116.66858238728618
118.00704575294905
117.67345999455264
115.6721842637928
112.03065961675726
106.79700936086248
100.0382921954975
91.83963405919272
82.30325300707814
71.54649502253221
59.69935787403462
46.9030209545775
33.30988627808274
19.083310789798823
4.394835663906157
-10.580502421254872
-25.667774767677834
-40.69299760590823
-55.482682188316666
-69.86445978067987
-83.66925935933261
-96.7336929988271
-108.90144287114221
-120.02390058112343
-129.96127809639154
-138.58475574714302
-145.77865175133695
-151.44113003505956
-155.48363065379056
-157.83121527495427
-158.4255433192008
-157.22932932147876
-154.2293968663445
-149.43712209447722
-142.88786520152115
-134.6413448704407
-124.78285677780401
-113.42371922660652
-100.69990531658718
-86.76933317307892
-71.80903030769207
-56.01281061100767
-39.58879715614715
-22.75549884375416
-5.736349362477323
11.245408291092303
27.96959008298071
44.22026472444139
59.787700983112124
74.47226893848163
88.0889491514562
100.47045935197939
111.46861810275207
120.95517044116319
128.82324532011583
134.98934373895094
139.39474621215476
142.0055036726037
142.81155705257552
141.8264986749087
139.08845742162973
134.66040118736063
128.62786303154928
121.09465037340443
112.17925224793787
102.01347211261661
90.74199957027463
78.5208783092004
65.51460016156295
51.893243297227436
37.83087621764024
23.50500103075475
9.095767688866324
-5.215875073198229
-19.25042189380709
-32.831003815139525
-45.78335625214018
-57.936397167126316
-69.12520338691928
-79.19565567961911
-88.00818661971232
-95.43935629278332
-101.38259394701996
-105.75004789022765
-108.47572257332607
-109.51839601307488
-108.86298667838709
-106.52047219114938
-102.52745921319068
-96.94613208108619
-89.86400545866422
-81.3921669818283
-71.6617569587571
-60.82037415766994
-49.030290411987444
-36.468052399579584
-23.323070285513573
-9.793822652393086
3.9170559018130335
17.606703918828362
31.074483494102004
44.12412259981001
56.56667212374183
68.22416262681506
78.93289433105011
88.5455345547037
96.93243117499506
103.98343216502371
109.61064437494055
113.75063288050433
116.36416112600314
117.43374007934008
116.96133880506636
114.9677986213676
111.49303643316898
106.59528878528141
100.34899647103481
92.84230562647417
84.17519989710661
74.45849048851201
63.813131554883206
52.36914572786784
40.26417508358192
27.642634741872094
14.656050005145323
1.4633876627256315
-11.770502682577355
-24.878368768758023
-37.69382245220783
-50.05271746107728
-61.79335257534445
-72.75745580234131
-82.79285228094675
-91.7569672271169
-99.51974592640907
-105.96551841157385
-110.99459558884487
-114.52550895132775
-116.49758756777777
-116.87243148450762
-115.63351925609126
-112.78530386174393
-108.35392024892144
-102.38950664655343
-94.96765658214443
-86.18807189392463
-76.17135778206503
-65.05628170073436
-52.998281069290556
-40.16801001897756
-26.748631938589437
-12.931899449432658
1.085956164191408
15.107747084005481
28.93843010790407
42.38824894509817
55.27562709944321
67.42919565195105
78.68922703050109
88.9093667011073
97.95887871295331
105.72473912564116
112.11299818570343
117.04952182483704
120.48056104791867
122.3732965705244
122.71598587390142
121.51740610209794
118.80626212346459
114.63175123463954
109.06500166075888
102.19915140624552
94.14651425843947
85.03422768184925
75.00121126060043
64.19736684962875
52.78327215018643
40.928377402373805
28.807725004841654
16.598753147014936
4.47922092679479
-7.374270718734227
-18.788362426793753
-29.595975069418365
-39.63927615398197
-48.77124357081434
-56.85601908118204
-63.77010568129862
-69.4060240077929
-73.67726609505745
-76.52171096949579
-77.90235557348346
-77.80693986875085
-76.24834114642995
-73.26567022226007
-68.92464642430055
-63.31636074556822
-56.55482833364769
-48.77436064456943
-40.12731457712682
-30.781654093927333
-20.917214702640617
-10.720611564698025
-0.3804249506297458
9.915651602451444
19.98205249703238
29.637052365440987
38.70624014876751
47.02674104727668
54.45026332530082
60.844396407743204
66.09322302052098
70.09844911605842
72.78117991861707
74.0834602395541
73.96867011138684
72.42091714782141
69.44468546348368
65.06559972627801
59.331225216240185
52.30987824809214
44.08726982646636
34.76323452557755
24.450442015454147
13.274392793513503
1.3726438019315255
-11.107536728474546
-24.01202422657665
-37.181806461908494
-50.45382034350585
-63.661622781065056
-76.63693031467618
-89.21188711760237
-101.22079176586614
-112.50060660572252
-122.89158056655867
-132.23996977695714
-140.40264819749348
-147.2510728553832
-152.67290588378523
-156.5724242425487
-158.87188900850518
-159.51439481955538
-158.46684684455136
-155.72163645166412
-151.29688471352677
-145.23618787704245
-137.60861041698652
-128.50846756615337
-118.0536148932955
-106.38190323527523
-93.64744181452959
-80.01864256531398
-65.67772767184343
-50.81926888174929
-35.6462660891908
-20.36499719759105
-5.1808170449376405
9.704555685878093
24.095453452819164
37.80550493131791
50.66154231029184
62.50698503203422
73.20378372581548
82.63341765120236
90.69845568117832
97.32516554225444
102.46540454580374
106.09575660794746
108.21460384081414
108.83994552929514
108.00931029928769
105.78027854889149
102.22961383758766
97.45083594250747
91.55167891932335
84.65265358568415
76.88647194337508
68.39706055541981
59.337418855833754
49.8671480717641
40.151091813110455
30.35898250459405
20.66402022453497
11.238817929294196
2.2499358679255463
-6.14626576798684
-13.805497704569051
-20.59677805451545
-26.404865234100637
-31.133745971070507
-34.709578270951624
-37.08197589924862
-38.224002945776434
-38.13202852131606
-36.825957956107366
-34.34904634819312
-30.76609232262193
-26.16007975052171
-20.628944994836694
-14.28402231029177
-7.24977348089591
0.3371573319244125
8.330840774242217
16.580075110028428
24.931691166275254
33.23251436458257
41.330962083512816
49.07935879122314
56.336977526062526
62.97296827945463
68.86838871512052
73.91743404495048
78.02889764307444
81.12864644937716
83.16231105412835
84.09625902702255
83.9160299630936
82.62379608964866
80.23709547096496
76.78919802708299
72.32951424238831
66.92267839246716
60.64659093421651
53.59065547992294
45.85492484397211
37.549786876214604
28.795259688481188
19.719420799660952
10.456634782978492
1.1466894565355494
-8.065277168502742
-17.029776623814
-25.596308113276386
-33.61820766119322
-40.95667122681788
-47.48278917479807
-53.07880568899526
-57.64046541965578
-61.080722747526686
-63.33344600915375
-64.35578608884073
-64.12908446076872
-62.65911012050587
-59.97629717230767
-56.13571588034342
-51.215766161849125
-45.31519265100767
-38.54958917007555
-31.0490963149472
-22.95754765871719
-14.431453925761446
-5.6371166922959794
3.25400995312913
12.069959854964491
20.64157247570933
28.80486569416601
36.40365179795449
43.29288064605318
49.34208093461131
54.43788180087768
58.485279479793256
61.40847828752393
63.15243709183931
63.68493233985993
62.99733729879692
61.102718216681744
58.03224491093002
53.832373354623336
48.5638854062521
42.301510726896204
35.13239235819636
27.153280009693457
18.46779789660468
9.184886518441571
-0.5817813040723807
-10.714476185534128
-21.09288035804562
-31.595746890892105
-42.10135352955413
-52.48649331698251
-62.62585727008668
-72.39376599934862
-81.66754839051114
-90.32980942266931
-98.26825567458036
-105.37468689453395
-111.54543105828019
-116.68355524979492
-120.70131481543194
-123.52142087271484
-125.07727386878251
-125.31346088186994
-124.18730695777853
-121.6706962862214
-117.75067357998641
-112.42869787178837
-105.72043941208749
-97.65784840496843
-88.29257416997515
-77.69796365399378
-65.96827735493355
-53.21653889956141
-39.57310210933268
-25.18520017025193
-10.216059350153136
5.157562822354613
20.74905915051775
36.3655757095265
51.81076006456365
66.88730875193322
81.40070659868496
95.16440556610485
108.0046193742293
119.76258126974635
130.2944813586232
139.47158311776536
147.1822040006529
153.33448524383357
157.85780627690366
160.70234053713833
161.83812177544917
161.25492129000216
158.9627816741178
154.9920194893853
149.39188686431146
142.22854173550684
133.58399497781315
123.55661872806726
112.26135870665946
99.82735790320528
86.39353161122281
72.10506503226877
57.11242348064835
41.57136238245211
25.64172006484246
9.484778351987877
-6.739226819612771
-22.87213427002831
-38.757696956851426
-54.24157845949616
-69.17234742987219
-83.4026997275204
-96.78940457604962
-109.19208755369402
-120.4731911202885
-130.50091602129604
-139.15373694103636
-146.32339152625264
-151.91538258011948
-155.84902737286703
-158.05919039681038
-158.49948719104773
-157.1450923530129
-153.99393837359236
-149.06683311239084
-142.40778325479783
-134.08486550260398
-124.19040149171012
-112.83897038081292
-100.16378205368973
-86.3139048159
-71.4537867355657
-55.76338400853604
-39.436209052425156
-22.675056730836054
-5.687629881142217
11.316239756203082
28.126321693611978
44.534231871048604
60.33683918176661
75.3400643124212
89.36185576156201
102.23404491868921
113.80412037351925
123.93803402474518
132.52347610129348
139.4715684855016
144.71588144782623
148.2103019688985
149.9280638137099
149.86208400187118
148.02516780147454
144.44958148564731
139.18647376499044
132.3053533283233
123.89342476701746
114.05457719961983
102.90802799870852
90.58684100464039
77.23656531616635
63.013985860716076
48.08568905363224
32.62647231105053
16.818209842424572
0.8490642242610092
-15.088274747269576
-30.799838925809524
-46.093859920131486
-60.78316865410971
-74.68667874820521
-87.63115637672288
-99.45395738360195
-110.00590924025725
-119.15290246755137
-126.77622400427043
-132.77366418276844
-137.0629364654085
-139.58601786326298
-140.3115577876134
-139.23459010797572
-136.37547483104657
-131.77989950721204
-125.51960868545346
-117.69225517168135
-108.41952846401884
-97.844232413589
-86.1275681954061
-73.4469847466015
-59.99352015671201
-45.9674451382011
-31.57291495117034
-17.013978680050744
-2.4930532237253007
11.78992555665694
25.64010873554236
38.872041476521616
51.313484822745004
62.80737462284812
73.21264373885441
82.40538221311802
90.28082448807106
96.75528553431764
101.76687444920886
105.27498219976236
107.25992719948863
107.72379276734193
106.69128703896439
104.20831409968955
100.33811356559531
95.15764275197115
88.75626511765071
81.23575843771168
72.70938214320587
63.29935456990524
53.134041588711206
42.34629803359249
31.073056413897007
19.455062675366758
7.635842997657222
-4.239599357989918
-16.02492747218634
-27.571257226318682
-38.72665548284868
-49.33838419963107
-59.25701706792608
-68.33959749591259
-76.45064574274657
-83.46260565199434
-89.25769948103174
-93.73126782532803
-96.79511920091907
-98.37966724936513
-98.43502481923694
-96.93216848422169
-93.8647389686445
-89.2505466762281
-83.13132213811559
-75.57077677628187
-66.6529346940578
-56.48225101621017
-45.18444823618868
-32.90562461922803
-19.808893440849427
-6.07029436526771
8.124116931577523
22.58002950844036
37.096936717363086
51.47145478734705
65.50143491164248
78.98963740579525
91.74633962076445
103.59165746967038
114.35890766771213
123.89888427937977
132.08296780435614
138.8033948402626
143.97180025702852
147.5187551398036
149.3952785491423
149.5746160805508
148.05235003751747
144.84489703250415
139.98791098477983
133.53562807672114
125.56071644367624
116.1534285047186
105.41959039129173
93.47845912631338
80.46195511682109
66.51519250877779
51.79615738414384
36.47281858268793
20.718902654679578
4.711123142802848
-11.371351099227306
-27.347101555195582
-43.034223657596506
-58.253391585396024
-72.83063375616194
-86.59892866428244
-99.39921658839724
-111.0820077900736
-121.50993765273915
-130.56022905593622
-138.12575384924003
-144.11495138422404
-148.4524921617166
-151.08199085477673
-151.96971275425247
-151.10690092282547
-148.50970735148138
-144.21800929849036
-138.2948351324334
-130.82653248793247
-121.92246127443964
-111.71332514280556
-100.34844735765834
-87.99292953543626
-74.82523826058991
-61.034786957112736
-46.81850964696601
-32.37615112117112
-17.905520091517914
-3.5994456900523617
10.355252143195038
23.778361778959923
36.498190318295826
48.35476095601672
59.20273921816633
68.91296607564504
77.37302613095001
84.4879496043393
90.18144769965537
94.39711781774868
97.09883441060028
98.27023589528082
97.91423984178495
96.05364530170733
92.73253659847559
88.01673462023324
81.9918823045535
74.75983722853667
66.4355665574685
57.14588994278292
47.02925486865921
36.23483776816606
24.920415244032586
